BAR_CONFIG = {
    'Setup0': [],
    'Setup1': [17.2, 16.1, 17.4, 16.1, 17.2],
    'Setup2': [17.2, 16.1, 22.4, 16.1, 17.2],
    'Setup3': [17.2, 11.2, 22.4, 11.1, 17.2],
    'Setup4': [22.2, 11.2, 22.4, 11.1, 22.4],
    'Setup5': [17.1, 11.2, 27.5, 11.1, 17.3],
    'Setup6': [17.2, 16.1, 17.2, 16.1, 17.3],
    'Setup7': [17.2, 16.1, 27.3, 16.1, 17.3],
    'Setup8': [17.2, 16.1, 32.2, 16.1, 17.3],
    'Setup9': [17.2, 16.1, 37.2, 16.1, 17.3],
    'Setup10': [22.1, 16.1, 37.2, 16.1, 22.1],
    'Setup11': [22.1, 16.1, 32.2, 16.1, 22.1],
    'Setup12': [27.3, 16.1, 17.6, 16.1, 27.3],
    'Setup13': [27.3, 11.0, 12.5, 11.0, 27.3],
    'Setup14': [27.3, 11.0, 31.2, 16.2, 22.2],
    'Setup15': [27.3, 19.5, 31.2, 7.8, 22.2],
    'Setup16': [27.3, 11.0, 12.5, 11.0, 27.3],
    'Setup17': [22.1, 16.1, 37.2, 16.1, 22.1],
    'Setup18': [17.2, 16.1, 32.2, 16.1, 17.3]}